# Blender 5.0.1
# www.blender.org
o Cube
v 1.000000 1.000000 -1.000000
v 1.000000 -1.000000 -1.000000
v 1.000000 1.000000 1.000000
v 1.000000 -1.000000 1.000000
v -1.000000 1.000000 -1.000000
v -1.000000 -1.000000 -1.000000
v -1.000000 1.000000 1.000000
v -1.000000 -1.000000 1.000000
v 3.497142 -1.131635 -2.282220
v 3.246944 -3.089430 -1.959046
v 3.268871 -0.779667 -0.326713
v 3.018673 -2.737461 -0.003539
v 1.526028 -0.923888 -2.549705
v 1.275829 -2.881683 -2.226531
v 1.297757 -0.571920 -0.594197
v 1.047558 -2.529714 -0.271023
v 5.920211 -2.861621 -3.046680
v 5.824490 -4.781559 -2.494709
v 5.452600 -2.302835 -1.184128
v 5.356880 -4.222774 -0.632157
v 3.978001 -2.901532 -3.522316
v 3.882280 -4.821471 -2.970344
v 3.510391 -2.342746 -1.659764
v 3.414670 -4.262685 -1.107792
v 7.781865 4.647134 -3.426612
v 7.574929 2.741476 -3.997266
v 7.610523 4.092608 -1.512678
v 7.403588 2.186950 -2.083332
v 5.799992 4.894053 -3.532495
v 5.593057 2.988394 -4.103149
v 5.628651 4.339526 -1.618562
v 5.421715 2.433868 -2.189215
v 8.174254 0.199789 2.922673
v 8.299881 -1.730824 3.429576
v 7.743015 0.669449 4.818313
v 7.868642 -1.261164 5.325217
v 6.225344 -0.028581 2.535896
v 6.350971 -1.959194 3.042800
v 5.794105 0.441079 4.431537
v 5.919733 -1.489534 4.938440
v 12.116914 0.604195 -3.491847
v 12.205104 -1.375872 -3.224342
v 11.604235 0.840570 -1.573179
v 11.692425 -1.139496 -1.305674
v 10.185753 0.451019 -3.988994
v 10.273943 -1.529047 -3.721489
v 9.673074 0.687395 -2.070326
v 9.761264 -1.292672 -1.802821
v 12.764469 2.717758 1.892465
v 12.687364 0.736561 1.629950
v 12.654510 2.459651 3.872689
v 12.577404 0.478454 3.610174
v 10.768984 2.808534 1.793490
v 10.691877 0.827337 1.530975
v 10.659024 2.550427 3.773715
v 10.581919 0.569231 3.511200
v 15.169972 0.686912 -3.588042
v 15.445067 -1.211910 -4.152663
v 15.113363 0.109572 -1.674022
v 15.388458 -1.789251 -2.238642
v 13.189791 0.439625 -3.721199
v 13.464886 -1.459198 -4.285820
v 13.133182 -0.137716 -1.807179
v 13.408277 -2.036538 -2.371799
v 16.856030 -0.241464 0.698805
v 16.727943 -2.221434 0.950427
v 16.701828 0.019739 2.675670
v 16.573740 -1.960231 2.927292
v 14.866102 -0.134259 0.529418
v 14.738014 -2.114228 0.781040
v 14.711899 0.126944 2.506283
v 14.583812 -1.853026 2.757905
v 19.378012 4.469821 1.232620
v 19.207150 2.546398 1.753438
v 19.159334 5.007491 3.146541
v 18.988470 3.084068 3.667358
v 17.397360 4.576385 0.976381
v 17.226496 2.652962 1.497198
v 17.178680 5.114054 2.890301
v 17.007818 3.190631 3.411118
v 20.209673 -0.339808 -4.729647
v 20.379509 -2.274398 -4.251610
v 20.646770 0.164443 -2.844261
v 20.816607 -1.770147 -2.366225
v 18.265425 -0.395436 -4.264024
v 18.435261 -2.330025 -3.785988
v 18.702522 0.108815 -2.378639
v 18.872358 -1.825775 -1.900602
v 22.640846 -0.435165 -2.226211
v 22.875219 -2.368424 -1.770603
v 22.953936 0.053828 -0.312351
v 23.188311 -1.879431 0.143257
v 20.679457 -0.588121 -1.866266
v 20.913832 -2.521380 -1.410657
v 20.992548 -0.099128 0.047594
v 21.226921 -2.032387 0.503203
v 25.223850 -0.957747 0.748725
v 25.492411 -2.934168 0.895807
v 25.509802 -0.772232 2.719465
v 25.778360 -2.748654 2.866547
v 23.262701 -1.201348 1.056216
v 23.531260 -3.177770 1.203297
v 23.548651 -1.015833 3.026956
v 23.817211 -2.992255 3.174037
v 27.207560 -0.515667 -1.073187
v 27.087570 -2.509530 -0.972626
v 26.963345 -0.401022 0.908533
v 26.843355 -2.394885 1.009094
v 25.226156 -0.409054 -1.323532
v 25.106167 -2.402917 -1.222971
v 24.981941 -0.294408 0.658188
v 24.861952 -2.288271 0.758749
v 29.072746 -0.022980 0.364233
v 29.214664 -2.015139 0.258588
v 29.117310 -0.125699 2.361096
v 29.259228 -2.117859 2.255451
v 27.078285 -0.167031 0.401333
v 27.220203 -2.159190 0.295688
v 27.122849 -0.269750 2.398196
v 27.264767 -2.261909 2.292551
v 31.060547 -0.655939 1.416775
v 31.220558 -2.619334 1.762429
v 31.067459 -0.308630 3.386377
v 31.227470 -2.272024 3.732030
v 29.066971 -0.812324 1.451349
v 29.226982 -2.775719 1.797003
v 29.073883 -0.465014 3.420950
v 29.233894 -2.428409 3.766604
v 31.837135 3.990913 2.350744
v 32.114548 2.020504 2.149418
v 31.385204 3.730015 4.281466
v 31.662619 1.759606 4.080141
v 29.908716 3.768601 1.869310
v 30.186131 1.798193 1.667984
v 29.456785 3.507703 3.800033
v 29.734200 1.537295 3.598707
v 35.386196 0.528168 1.346400
v 35.367104 -1.469000 1.451053
v 35.502602 0.631540 3.340331
v 35.483509 -1.365629 3.444985
v 33.389675 0.553294 1.461653
v 33.370583 -1.443875 1.566307
v 33.506081 0.656665 3.455585
v 33.486988 -1.340503 3.560238
v 35.954441 -2.683544 -4.693274
v 35.913002 -4.635334 -4.258768
v 36.430256 -2.271053 -2.794998
v 36.388817 -4.222844 -2.360492
v 34.012306 -2.540840 -4.237473
v 33.970867 -4.492630 -3.802967
v 34.488121 -2.128349 -2.339198
v 34.446682 -4.080140 -1.904691
v 38.991577 -0.502428 3.119927
v 38.782372 -2.381520 3.772036
v 39.172020 0.132645 5.007815
v 38.962814 -1.746447 5.659925
v 37.010750 -0.246116 3.223030
v 36.801544 -2.125208 3.875139
v 37.191193 0.388957 5.110919
v 36.981987 -1.490136 5.763028
v 40.562191 2.549414 -3.270399
v 40.350029 0.570999 -3.472536
v 40.823360 2.320173 -1.300821
v 40.611198 0.341758 -1.502958
v 38.590698 2.731951 -2.987731
v 38.378536 0.753536 -3.189868
v 38.851868 2.502710 -1.018152
v 38.639706 0.524295 -1.220289
vn -0.0000 1.0000 -0.0000
vn -0.0000 -0.0000 1.0000
vn -1.0000 -0.0000 -0.0000
vn -0.0000 -1.0000 -0.0000
vn 1.0000 -0.0000 -0.0000
vn -0.0000 -0.0000 -1.0000
vn 0.1251 0.9789 -0.1616
vn -0.1141 0.1760 0.9778
vn -0.9856 0.1039 -0.1337
vn -0.1251 -0.9789 0.1616
vn 0.9856 -0.1039 0.1337
vn 0.1141 -0.1760 -0.9778
vn 0.0479 0.9600 -0.2760
vn -0.2338 0.2794 0.9313
vn -0.9711 -0.0200 -0.2378
vn -0.0479 -0.9600 0.2760
vn 0.9711 0.0200 0.2378
vn 0.2338 -0.2794 -0.9313
vn 0.1035 0.9528 0.2853
vn -0.0857 -0.2773 0.9570
vn -0.9909 0.1235 -0.0529
vn -0.1035 -0.9528 -0.2853
vn 0.9909 -0.1235 0.0529
vn 0.0857 0.2773 -0.9570
vn -0.0628 0.9653 -0.2535
vn -0.2156 0.2348 0.9478
vn -0.9745 -0.1142 -0.1934
vn 0.0628 -0.9653 0.2535
vn 0.9745 0.1142 0.1934
vn 0.2156 -0.2348 -0.9478
vn -0.0441 0.9900 -0.1338
vn -0.2563 0.1182 0.9593
vn -0.9656 -0.0766 -0.2486
vn 0.0441 -0.9900 0.1338
vn 0.9656 0.0766 0.2486
vn 0.2563 -0.1182 -0.9593
vn 0.0386 0.9906 0.1313
vn -0.0550 -0.1291 0.9901
vn -0.9977 0.0454 -0.0495
vn -0.0386 -0.9906 -0.1313
vn 0.9977 -0.0454 0.0495
vn 0.0550 0.1291 -0.9901
vn -0.1375 0.9494 0.2823
vn -0.0283 -0.2887 0.9570
vn -0.9901 -0.1236 -0.0666
vn 0.1375 -0.9494 -0.2823
vn 0.9901 0.1236 0.0666
vn 0.0283 0.2887 -0.9570
vn 0.0640 0.9900 -0.1258
vn -0.0771 0.1306 0.9884
vn -0.9950 0.0536 -0.0847
vn -0.0640 -0.9900 0.1258
vn 0.9950 -0.0536 0.0847
vn 0.0771 -0.1306 -0.9884
vn 0.0854 0.9617 -0.2604
vn -0.1093 0.2688 0.9570
vn -0.9903 0.0533 -0.1281
vn -0.0854 -0.9617 0.2604
vn 0.9903 -0.0533 0.1281
vn 0.1093 -0.2688 -0.9570
vn -0.0849 0.9673 -0.2390
vn 0.2185 0.2521 0.9427
vn -0.9721 -0.0278 0.2328
vn 0.0849 -0.9673 0.2390
vn 0.9721 0.0278 -0.2328
vn -0.2185 -0.2521 -0.9427
vn -0.1172 0.9666 -0.2278
vn 0.1565 0.2445 0.9569
vn -0.9807 -0.0765 0.1800
vn 0.1172 -0.9666 0.2278
vn 0.9807 0.0765 -0.1800
vn -0.1565 -0.2445 -0.9569
vn -0.1343 0.9882 -0.0735
vn 0.1430 0.0928 0.9854
vn -0.9806 -0.1218 0.1537
vn 0.1343 -0.9882 0.0735
vn 0.9806 0.1218 -0.1537
vn -0.1430 -0.0928 -0.9854
vn 0.0600 0.9969 -0.0503
vn -0.1221 0.0573 0.9909
vn -0.9907 0.0533 -0.1252
vn -0.0600 -0.9969 0.0503
vn 0.9907 -0.0533 0.1252
vn 0.1221 -0.0573 -0.9909
vn -0.0710 0.9961 0.0528
vn 0.0223 -0.0514 0.9984
vn -0.9972 -0.0720 0.0185
vn 0.0710 -0.9961 -0.0528
vn 0.9972 0.0720 -0.0185
vn -0.0223 0.0514 -0.9984
vn -0.0800 0.9817 -0.1728
vn 0.0035 0.1737 0.9848
vn -0.9968 -0.0782 0.0173
vn 0.0800 -0.9817 0.1728
vn 0.9968 0.0782 -0.0173
vn -0.0035 -0.1737 -0.9848
vn -0.1387 0.9852 0.1007
vn -0.2260 -0.1304 0.9654
vn -0.9642 -0.1112 -0.2407
vn 0.1387 -0.9852 -0.1007
vn 0.9642 0.1112 0.2407
vn 0.2260 0.1304 -0.9654
vn 0.0095 0.9986 -0.0523
vn 0.0582 0.0517 0.9970
vn -0.9983 0.0126 0.0576
vn -0.0095 -0.9986 0.0523
vn 0.9983 -0.0126 -0.0576
vn -0.0582 -0.0517 -0.9970
vn 0.0207 0.9759 -0.2173
vn 0.2379 0.2062 0.9491
vn -0.9711 0.0714 0.2279
vn -0.0207 -0.9759 0.2173
vn 0.9711 -0.0714 -0.2279
vn -0.2379 -0.2062 -0.9491
vn 0.1046 0.9395 -0.3261
vn 0.0902 0.3175 0.9439
vn -0.9904 0.1282 0.0515
vn -0.1046 -0.9395 0.3261
vn 0.9904 -0.1282 -0.0516
vn -0.0902 -0.3175 -0.9439
vn 0.1061 0.9892 0.1011
vn 0.1306 -0.1146 0.9848
vn -0.9857 0.0913 0.1413
vn -0.1061 -0.9892 -0.1011
vn 0.9857 -0.0913 -0.1413
vn -0.1306 0.1146 -0.9848
vt 0.625000 0.500000
vt 0.875000 0.500000
vt 0.875000 0.750000
vt 0.625000 0.750000
vt 0.375000 0.750000
vt 0.625000 1.000000
vt 0.375000 1.000000
vt 0.375000 0.000000
vt 0.625000 0.000000
vt 0.625000 0.250000
vt 0.375000 0.250000
vt 0.125000 0.500000
vt 0.375000 0.500000
vt 0.125000 0.750000
s 0
f 1/1/1 5/2/1 7/3/1 3/4/1
f 4/5/2 3/4/2 7/6/2 8/7/2
f 8/8/3 7/9/3 5/10/3 6/11/3
f 6/12/4 2/13/4 4/5/4 8/14/4
f 2/13/5 1/1/5 3/4/5 4/5/5
f 6/11/6 5/10/6 1/1/6 2/13/6
f 9/1/7 13/2/7 15/3/7 11/4/7
f 12/5/8 11/4/8 15/6/8 16/7/8
f 16/8/9 15/9/9 13/10/9 14/11/9
f 14/12/10 10/13/10 12/5/10 16/14/10
f 10/13/11 9/1/11 11/4/11 12/5/11
f 14/11/12 13/10/12 9/1/12 10/13/12
f 17/1/13 21/2/13 23/3/13 19/4/13
f 20/5/14 19/4/14 23/6/14 24/7/14
f 24/8/15 23/9/15 21/10/15 22/11/15
f 22/12/16 18/13/16 20/5/16 24/14/16
f 18/13/17 17/1/17 19/4/17 20/5/17
f 22/11/18 21/10/18 17/1/18 18/13/18
f 25/1/19 29/2/19 31/3/19 27/4/19
f 28/5/20 27/4/20 31/6/20 32/7/20
f 32/8/21 31/9/21 29/10/21 30/11/21
f 30/12/22 26/13/22 28/5/22 32/14/22
f 26/13/23 25/1/23 27/4/23 28/5/23
f 30/11/24 29/10/24 25/1/24 26/13/24
f 33/1/25 37/2/25 39/3/25 35/4/25
f 36/5/26 35/4/26 39/6/26 40/7/26
f 40/8/27 39/9/27 37/10/27 38/11/27
f 38/12/28 34/13/28 36/5/28 40/14/28
f 34/13/29 33/1/29 35/4/29 36/5/29
f 38/11/30 37/10/30 33/1/30 34/13/30
f 41/1/31 45/2/31 47/3/31 43/4/31
f 44/5/32 43/4/32 47/6/32 48/7/32
f 48/8/33 47/9/33 45/10/33 46/11/33
f 46/12/34 42/13/34 44/5/34 48/14/34
f 42/13/35 41/1/35 43/4/35 44/5/35
f 46/11/36 45/10/36 41/1/36 42/13/36
f 49/1/37 53/2/37 55/3/37 51/4/37
f 52/5/38 51/4/38 55/6/38 56/7/38
f 56/8/39 55/9/39 53/10/39 54/11/39
f 54/12/40 50/13/40 52/5/40 56/14/40
f 50/13/41 49/1/41 51/4/41 52/5/41
f 54/11/42 53/10/42 49/1/42 50/13/42
f 57/1/43 61/2/43 63/3/43 59/4/43
f 60/5/44 59/4/44 63/6/44 64/7/44
f 64/8/45 63/9/45 61/10/45 62/11/45
f 62/12/46 58/13/46 60/5/46 64/14/46
f 58/13/47 57/1/47 59/4/47 60/5/47
f 62/11/48 61/10/48 57/1/48 58/13/48
f 65/1/49 69/2/49 71/3/49 67/4/49
f 68/5/50 67/4/50 71/6/50 72/7/50
f 72/8/51 71/9/51 69/10/51 70/11/51
f 70/12/52 66/13/52 68/5/52 72/14/52
f 66/13/53 65/1/53 67/4/53 68/5/53
f 70/11/54 69/10/54 65/1/54 66/13/54
f 73/1/55 77/2/55 79/3/55 75/4/55
f 76/5/56 75/4/56 79/6/56 80/7/56
f 80/8/57 79/9/57 77/10/57 78/11/57
f 78/12/58 74/13/58 76/5/58 80/14/58
f 74/13/59 73/1/59 75/4/59 76/5/59
f 78/11/60 77/10/60 73/1/60 74/13/60
f 81/1/61 85/2/61 87/3/61 83/4/61
f 84/5/62 83/4/62 87/6/62 88/7/62
f 88/8/63 87/9/63 85/10/63 86/11/63
f 86/12/64 82/13/64 84/5/64 88/14/64
f 82/13/65 81/1/65 83/4/65 84/5/65
f 86/11/66 85/10/66 81/1/66 82/13/66
f 89/1/67 93/2/67 95/3/67 91/4/67
f 92/5/68 91/4/68 95/6/68 96/7/68
f 96/8/69 95/9/69 93/10/69 94/11/69
f 94/12/70 90/13/70 92/5/70 96/14/70
f 90/13/71 89/1/71 91/4/71 92/5/71
f 94/11/72 93/10/72 89/1/72 90/13/72
f 97/1/73 101/2/73 103/3/73 99/4/73
f 100/5/74 99/4/74 103/6/74 104/7/74
f 104/8/75 103/9/75 101/10/75 102/11/75
f 102/12/76 98/13/76 100/5/76 104/14/76
f 98/13/77 97/1/77 99/4/77 100/5/77
f 102/11/78 101/10/78 97/1/78 98/13/78
f 105/1/79 109/2/79 111/3/79 107/4/79
f 108/5/80 107/4/80 111/6/80 112/7/80
f 112/8/81 111/9/81 109/10/81 110/11/81
f 110/12/82 106/13/82 108/5/82 112/14/82
f 106/13/83 105/1/83 107/4/83 108/5/83
f 110/11/84 109/10/84 105/1/84 106/13/84
f 113/1/85 117/2/85 119/3/85 115/4/85
f 116/5/86 115/4/86 119/6/86 120/7/86
f 120/8/87 119/9/87 117/10/87 118/11/87
f 118/12/88 114/13/88 116/5/88 120/14/88
f 114/13/89 113/1/89 115/4/89 116/5/89
f 118/11/90 117/10/90 113/1/90 114/13/90
f 121/1/91 125/2/91 127/3/91 123/4/91
f 124/5/92 123/4/92 127/6/92 128/7/92
f 128/8/93 127/9/93 125/10/93 126/11/93
f 126/12/94 122/13/94 124/5/94 128/14/94
f 122/13/95 121/1/95 123/4/95 124/5/95
f 126/11/96 125/10/96 121/1/96 122/13/96
f 129/1/97 133/2/97 135/3/97 131/4/97
f 132/5/98 131/4/98 135/6/98 136/7/98
f 136/8/99 135/9/99 133/10/99 134/11/99
f 134/12/100 130/13/100 132/5/100 136/14/100
f 130/13/101 129/1/101 131/4/101 132/5/101
f 134/11/102 133/10/102 129/1/102 130/13/102
f 137/1/103 141/2/103 143/3/103 139/4/103
f 140/5/104 139/4/104 143/6/104 144/7/104
f 144/8/105 143/9/105 141/10/105 142/11/105
f 142/12/106 138/13/106 140/5/106 144/14/106
f 138/13/107 137/1/107 139/4/107 140/5/107
f 142/11/108 141/10/108 137/1/108 138/13/108
f 145/1/109 149/2/109 151/3/109 147/4/109
f 148/5/110 147/4/110 151/6/110 152/7/110
f 152/8/111 151/9/111 149/10/111 150/11/111
f 150/12/112 146/13/112 148/5/112 152/14/112
f 146/13/113 145/1/113 147/4/113 148/5/113
f 150/11/114 149/10/114 145/1/114 146/13/114
f 153/1/115 157/2/115 159/3/115 155/4/115
f 156/5/116 155/4/116 159/6/116 160/7/116
f 160/8/117 159/9/117 157/10/117 158/11/117
f 158/12/118 154/13/118 156/5/118 160/14/118
f 154/13/119 153/1/119 155/4/119 156/5/119
f 158/11/120 157/10/120 153/1/120 154/13/120
f 161/1/121 165/2/121 167/3/121 163/4/121
f 164/5/122 163/4/122 167/6/122 168/7/122
f 168/8/123 167/9/123 165/10/123 166/11/123
f 166/12/124 162/13/124 164/5/124 168/14/124
f 162/13/125 161/1/125 163/4/125 164/5/125
f 166/11/126 165/10/126 161/1/126 162/13/126
o Cube.001
v -0.198211 14.618065 -1.000000
v -0.198211 12.618065 -1.000000
v -0.198211 14.618065 1.000000
v -0.198211 12.618065 1.000000
v -2.198211 14.618065 -1.000000
v -2.198211 12.618065 -1.000000
v -2.198211 14.618065 1.000000
v -2.198211 12.618065 1.000000
v 2.298931 12.486429 -2.282220
v 2.048733 10.528635 -1.959046
v 2.070660 12.838398 -0.326713
v 1.820462 10.880604 -0.003539
v 0.327816 12.694177 -2.549705
v 0.077618 10.736382 -2.226531
v 0.099545 13.046145 -0.594197
v -0.150653 11.088350 -0.271023
v 4.722000 10.756444 -3.046680
v 4.626279 8.836506 -2.494709
v 4.254389 11.315230 -1.184128
v 4.158669 9.395291 -0.632157
v 2.779790 10.716533 -3.522316
v 2.684069 8.796594 -2.970344
v 2.312180 11.275318 -1.659764
v 2.216459 9.355380 -1.107792
v 6.583653 18.265198 -3.426612
v 6.376718 16.359541 -3.997266
v 6.412312 17.710672 -1.512678
v 6.205377 15.805015 -2.083332
v 4.601780 18.512117 -3.532495
v 4.394845 16.606459 -4.103149
v 4.430439 17.957592 -1.618562
v 4.223504 16.051933 -2.189215
v 6.976043 13.817854 2.922673
v 7.101670 11.887240 3.429576
v 6.544804 14.287514 4.818313
v 6.670431 12.356901 5.325217
v 5.027133 13.589483 2.535896
v 5.152760 11.658871 3.042800
v 4.595894 14.059144 4.431537
v 4.721521 12.128531 4.938440
v 10.918703 14.222260 -3.491847
v 11.006893 12.242193 -3.224342
v 10.406023 14.458635 -1.573179
v 10.494213 12.478569 -1.305674
v 8.987541 14.069084 -3.988994
v 9.075731 12.089018 -3.721489
v 8.474863 14.305460 -2.070326
v 8.563053 12.325393 -1.802821
v 11.566257 16.335823 1.892465
v 11.489153 14.354626 1.629950
v 11.456299 16.077717 3.872689
v 11.379192 14.096519 3.610174
v 9.570772 16.426600 1.793490
v 9.493666 14.445402 1.530975
v 9.460814 16.168491 3.773715
v 9.383707 14.187296 3.511200
v 13.971762 14.304977 -3.588042
v 14.246857 12.406155 -4.152663
v 13.915152 13.727636 -1.674022
v 14.190247 11.828814 -2.238642
v 11.991579 14.057690 -3.721199
v 12.266674 12.158867 -4.285820
v 11.934971 13.480349 -1.807179
v 12.210066 11.581527 -2.371799
v 15.657818 13.376600 0.698805
v 15.529732 11.396631 0.950427
v 15.503616 13.637803 2.675670
v 15.375528 11.657834 2.927292
v 13.667891 13.483806 0.529418
v 13.539803 11.503837 0.781040
v 13.513687 13.745008 2.506283
v 13.385601 11.765039 2.757905
v 18.179800 18.087887 1.232620
v 18.008938 16.164463 1.753438
v 17.961123 18.625555 3.146541
v 17.790258 16.702133 3.667358
v 16.199148 18.194450 0.976381
v 16.028284 16.271027 1.497198
v 15.980469 18.732119 2.890301
v 15.809607 16.808697 3.411118
v 19.011461 13.278256 -4.729647
v 19.181297 11.343667 -4.251610
v 19.448559 13.782507 -2.844261
v 19.618395 11.847918 -2.366225
v 17.067213 13.222630 -4.264024
v 17.237049 11.288040 -3.785988
v 17.504311 13.726880 -2.378639
v 17.674147 11.792290 -1.900602
v 21.442635 13.182899 -2.226211
v 21.677008 11.249641 -1.770603
v 21.755724 13.671893 -0.312351
v 21.990099 11.738634 0.143257
v 19.481245 13.029943 -1.866266
v 19.715620 11.096684 -1.410657
v 19.794336 13.518937 0.047594
v 20.028709 11.585678 0.503203
v 24.025639 12.660318 0.748725
v 24.294199 10.683897 0.895807
v 24.311590 12.845833 2.719465
v 24.580149 10.869411 2.866547
v 22.064489 12.416718 1.056216
v 22.333048 10.440295 1.203297
v 22.350439 12.602231 3.026956
v 22.618999 10.625810 3.174037
v 26.009348 13.102398 -1.073187
v 25.889359 11.108535 -0.972626
v 25.765133 13.217043 0.908533
v 25.645144 11.223180 1.009094
v 24.027945 13.209011 -1.323532
v 23.907955 11.215148 -1.222971
v 23.783730 13.323656 0.658188
v 23.663740 11.329794 0.758749
v 27.874535 13.595085 0.364233
v 28.016453 11.602926 0.258588
v 27.919098 13.492366 2.361096
v 28.061016 11.500206 2.255451
v 25.880074 13.451034 0.401333
v 26.021992 11.458875 0.295688
v 25.924637 13.348314 2.398196
v 26.066555 11.356155 2.292551
v 29.862335 12.962126 1.416775
v 30.022346 10.998731 1.762429
v 29.869247 13.309435 3.386377
v 30.029259 11.346041 3.732030
v 27.868759 12.805741 1.451349
v 28.028770 10.842346 1.797003
v 27.875671 13.153050 3.420950
v 28.035683 11.189656 3.766604
v 30.638924 17.608978 2.350744
v 30.916336 15.638569 2.149418
v 30.186993 17.348080 4.281466
v 30.464407 15.377671 4.080141
v 28.710505 17.386665 1.869310
v 28.987919 15.416258 1.667984
v 28.258574 17.125769 3.800033
v 28.535988 15.155359 3.598707
v 34.187984 14.146234 1.346400
v 34.168892 12.149064 1.451053
v 34.304390 14.249604 3.340331
v 34.285297 12.252436 3.444985
v 32.191463 14.171359 1.461653
v 32.172371 12.174191 1.566307
v 32.307869 14.274731 3.455585
v 32.288776 12.277561 3.560238
v 34.756229 10.934521 -4.693274
v 34.714790 8.982731 -4.258768
v 35.232044 11.347012 -2.794998
v 35.190605 9.395221 -2.360492
v 32.814095 11.077225 -4.237473
v 32.772655 9.125435 -3.802967
v 33.289909 11.489716 -2.339198
v 33.248470 9.537925 -1.904691
v 37.793365 13.115637 3.119927
v 37.584160 11.236546 3.772036
v 37.973808 13.750710 5.007815
v 37.764603 11.871618 5.659925
v 35.812538 13.371948 3.223030
v 35.603333 11.492857 3.875139
v 35.992981 14.007021 5.110919
v 35.783775 12.127930 5.763028
v 39.363979 16.167479 -3.270399
v 39.151817 14.189064 -3.472536
v 39.625149 15.938238 -1.300821
v 39.412987 13.959823 -1.502958
v 37.392487 16.350016 -2.987731
v 37.180325 14.371601 -3.189868
v 37.653656 16.120775 -1.018152
v 37.441494 14.142360 -1.220289
vn -0.0000 1.0000 -0.0000
vn -0.0000 -0.0000 1.0000
vn -1.0000 -0.0000 -0.0000
vn -0.0000 -1.0000 -0.0000
vn 1.0000 -0.0000 -0.0000
vn -0.0000 -0.0000 -1.0000
vn 0.1251 0.9789 -0.1616
vn -0.1141 0.1760 0.9778
vn -0.9856 0.1039 -0.1337
vn -0.1251 -0.9789 0.1616
vn 0.9856 -0.1039 0.1337
vn 0.1141 -0.1760 -0.9778
vn 0.0479 0.9600 -0.2760
vn -0.2338 0.2794 0.9313
vn -0.9711 -0.0200 -0.2378
vn -0.0479 -0.9600 0.2760
vn 0.9711 0.0200 0.2378
vn 0.2338 -0.2794 -0.9313
vn 0.1035 0.9528 0.2853
vn -0.0857 -0.2773 0.9570
vn -0.9909 0.1235 -0.0529
vn -0.1035 -0.9528 -0.2853
vn 0.9909 -0.1235 0.0529
vn 0.0857 0.2773 -0.9570
vn -0.0628 0.9653 -0.2535
vn -0.2156 0.2348 0.9478
vn -0.9745 -0.1142 -0.1934
vn 0.0628 -0.9653 0.2535
vn 0.9745 0.1142 0.1934
vn 0.2156 -0.2348 -0.9478
vn -0.0441 0.9900 -0.1338
vn -0.2563 0.1182 0.9593
vn -0.9656 -0.0766 -0.2486
vn 0.0441 -0.9900 0.1338
vn 0.9656 0.0766 0.2486
vn 0.2563 -0.1182 -0.9593
vn 0.0386 0.9906 0.1313
vn -0.0550 -0.1291 0.9901
vn -0.9977 0.0454 -0.0495
vn -0.0386 -0.9906 -0.1313
vn 0.9977 -0.0454 0.0495
vn 0.0550 0.1291 -0.9901
vn -0.1375 0.9494 0.2823
vn -0.0283 -0.2887 0.9570
vn -0.9901 -0.1236 -0.0666
vn 0.1375 -0.9494 -0.2823
vn 0.9901 0.1236 0.0666
vn 0.0283 0.2887 -0.9570
vn 0.0640 0.9900 -0.1258
vn -0.0771 0.1306 0.9884
vn -0.9950 0.0536 -0.0847
vn -0.0640 -0.9900 0.1258
vn 0.9950 -0.0536 0.0847
vn 0.0771 -0.1306 -0.9884
vn 0.0854 0.9617 -0.2604
vn -0.1093 0.2688 0.9570
vn -0.9903 0.0533 -0.1281
vn -0.0854 -0.9617 0.2604
vn 0.9903 -0.0533 0.1281
vn 0.1093 -0.2688 -0.9570
vn -0.0849 0.9673 -0.2390
vn 0.2185 0.2521 0.9427
vn -0.9721 -0.0278 0.2328
vn 0.0849 -0.9673 0.2390
vn 0.9721 0.0278 -0.2328
vn -0.2185 -0.2521 -0.9427
vn -0.1172 0.9666 -0.2278
vn 0.1565 0.2445 0.9569
vn -0.9807 -0.0765 0.1800
vn 0.1172 -0.9666 0.2278
vn 0.9807 0.0765 -0.1800
vn -0.1565 -0.2445 -0.9569
vn -0.1343 0.9882 -0.0735
vn 0.1430 0.0928 0.9854
vn -0.9806 -0.1218 0.1537
vn 0.1343 -0.9882 0.0735
vn 0.9806 0.1218 -0.1537
vn -0.1430 -0.0928 -0.9854
vn 0.0600 0.9969 -0.0503
vn -0.1221 0.0573 0.9909
vn -0.9907 0.0533 -0.1252
vn -0.0600 -0.9969 0.0503
vn 0.9907 -0.0533 0.1252
vn 0.1221 -0.0573 -0.9909
vn -0.0710 0.9961 0.0528
vn 0.0223 -0.0514 0.9984
vn -0.9972 -0.0720 0.0185
vn 0.0710 -0.9961 -0.0528
vn 0.9972 0.0720 -0.0185
vn -0.0223 0.0514 -0.9984
vn -0.0800 0.9817 -0.1728
vn 0.0035 0.1737 0.9848
vn -0.9968 -0.0782 0.0173
vn 0.0800 -0.9817 0.1728
vn 0.9968 0.0782 -0.0173
vn -0.0035 -0.1737 -0.9848
vn -0.1387 0.9852 0.1007
vn -0.2260 -0.1304 0.9654
vn -0.9642 -0.1112 -0.2407
vn 0.1387 -0.9852 -0.1007
vn 0.9642 0.1112 0.2407
vn 0.2260 0.1304 -0.9654
vn 0.0095 0.9986 -0.0523
vn 0.0582 0.0517 0.9970
vn -0.9983 0.0126 0.0576
vn -0.0095 -0.9986 0.0523
vn 0.9983 -0.0126 -0.0576
vn -0.0582 -0.0517 -0.9970
vn 0.0207 0.9759 -0.2173
vn 0.2379 0.2062 0.9491
vn -0.9711 0.0714 0.2279
vn -0.0207 -0.9759 0.2173
vn 0.9711 -0.0714 -0.2279
vn -0.2379 -0.2062 -0.9491
vn 0.1046 0.9395 -0.3261
vn 0.0902 0.3175 0.9439
vn -0.9904 0.1282 0.0515
vn -0.1046 -0.9395 0.3261
vn 0.9904 -0.1282 -0.0516
vn -0.0902 -0.3175 -0.9439
vn 0.1061 0.9892 0.1011
vn 0.1306 -0.1146 0.9848
vn -0.9857 0.0913 0.1413
vn -0.1061 -0.9892 -0.1011
vn 0.9857 -0.0913 -0.1413
vn -0.1306 0.1146 -0.9848
vt 0.625000 0.500000
vt 0.875000 0.500000
vt 0.875000 0.750000
vt 0.625000 0.750000
vt 0.375000 0.750000
vt 0.625000 1.000000
vt 0.375000 1.000000
vt 0.375000 0.000000
vt 0.625000 0.000000
vt 0.625000 0.250000
vt 0.375000 0.250000
vt 0.125000 0.500000
vt 0.375000 0.500000
vt 0.125000 0.750000
s 0
f 169/15/127 173/16/127 175/17/127 171/18/127
f 172/19/128 171/18/128 175/20/128 176/21/128
f 176/22/129 175/23/129 173/24/129 174/25/129
f 174/26/130 170/27/130 172/19/130 176/28/130
f 170/27/131 169/15/131 171/18/131 172/19/131
f 174/25/132 173/24/132 169/15/132 170/27/132
f 177/15/133 181/16/133 183/17/133 179/18/133
f 180/19/134 179/18/134 183/20/134 184/21/134
f 184/22/135 183/23/135 181/24/135 182/25/135
f 182/26/136 178/27/136 180/19/136 184/28/136
f 178/27/137 177/15/137 179/18/137 180/19/137
f 182/25/138 181/24/138 177/15/138 178/27/138
f 185/15/139 189/16/139 191/17/139 187/18/139
f 188/19/140 187/18/140 191/20/140 192/21/140
f 192/22/141 191/23/141 189/24/141 190/25/141
f 190/26/142 186/27/142 188/19/142 192/28/142
f 186/27/143 185/15/143 187/18/143 188/19/143
f 190/25/144 189/24/144 185/15/144 186/27/144
f 193/15/145 197/16/145 199/17/145 195/18/145
f 196/19/146 195/18/146 199/20/146 200/21/146
f 200/22/147 199/23/147 197/24/147 198/25/147
f 198/26/148 194/27/148 196/19/148 200/28/148
f 194/27/149 193/15/149 195/18/149 196/19/149
f 198/25/150 197/24/150 193/15/150 194/27/150
f 201/15/151 205/16/151 207/17/151 203/18/151
f 204/19/152 203/18/152 207/20/152 208/21/152
f 208/22/153 207/23/153 205/24/153 206/25/153
f 206/26/154 202/27/154 204/19/154 208/28/154
f 202/27/155 201/15/155 203/18/155 204/19/155
f 206/25/156 205/24/156 201/15/156 202/27/156
f 209/15/157 213/16/157 215/17/157 211/18/157
f 212/19/158 211/18/158 215/20/158 216/21/158
f 216/22/159 215/23/159 213/24/159 214/25/159
f 214/26/160 210/27/160 212/19/160 216/28/160
f 210/27/161 209/15/161 211/18/161 212/19/161
f 214/25/162 213/24/162 209/15/162 210/27/162
f 217/15/163 221/16/163 223/17/163 219/18/163
f 220/19/164 219/18/164 223/20/164 224/21/164
f 224/22/165 223/23/165 221/24/165 222/25/165
f 222/26/166 218/27/166 220/19/166 224/28/166
f 218/27/167 217/15/167 219/18/167 220/19/167
f 222/25/168 221/24/168 217/15/168 218/27/168
f 225/15/169 229/16/169 231/17/169 227/18/169
f 228/19/170 227/18/170 231/20/170 232/21/170
f 232/22/171 231/23/171 229/24/171 230/25/171
f 230/26/172 226/27/172 228/19/172 232/28/172
f 226/27/173 225/15/173 227/18/173 228/19/173
f 230/25/174 229/24/174 225/15/174 226/27/174
f 233/15/175 237/16/175 239/17/175 235/18/175
f 236/19/176 235/18/176 239/20/176 240/21/176
f 240/22/177 239/23/177 237/24/177 238/25/177
f 238/26/178 234/27/178 236/19/178 240/28/178
f 234/27/179 233/15/179 235/18/179 236/19/179
f 238/25/180 237/24/180 233/15/180 234/27/180
f 241/15/181 245/16/181 247/17/181 243/18/181
f 244/19/182 243/18/182 247/20/182 248/21/182
f 248/22/183 247/23/183 245/24/183 246/25/183
f 246/26/184 242/27/184 244/19/184 248/28/184
f 242/27/185 241/15/185 243/18/185 244/19/185
f 246/25/186 245/24/186 241/15/186 242/27/186
f 249/15/187 253/16/187 255/17/187 251/18/187
f 252/19/188 251/18/188 255/20/188 256/21/188
f 256/22/189 255/23/189 253/24/189 254/25/189
f 254/26/190 250/27/190 252/19/190 256/28/190
f 250/27/191 249/15/191 251/18/191 252/19/191
f 254/25/192 253/24/192 249/15/192 250/27/192
f 257/15/193 261/16/193 263/17/193 259/18/193
f 260/19/194 259/18/194 263/20/194 264/21/194
f 264/22/195 263/23/195 261/24/195 262/25/195
f 262/26/196 258/27/196 260/19/196 264/28/196
f 258/27/197 257/15/197 259/18/197 260/19/197
f 262/25/198 261/24/198 257/15/198 258/27/198
f 265/15/199 269/16/199 271/17/199 267/18/199
f 268/19/200 267/18/200 271/20/200 272/21/200
f 272/22/201 271/23/201 269/24/201 270/25/201
f 270/26/202 266/27/202 268/19/202 272/28/202
f 266/27/203 265/15/203 267/18/203 268/19/203
f 270/25/204 269/24/204 265/15/204 266/27/204
f 273/15/205 277/16/205 279/17/205 275/18/205
f 276/19/206 275/18/206 279/20/206 280/21/206
f 280/22/207 279/23/207 277/24/207 278/25/207
f 278/26/208 274/27/208 276/19/208 280/28/208
f 274/27/209 273/15/209 275/18/209 276/19/209
f 278/25/210 277/24/210 273/15/210 274/27/210
f 281/15/211 285/16/211 287/17/211 283/18/211
f 284/19/212 283/18/212 287/20/212 288/21/212
f 288/22/213 287/23/213 285/24/213 286/25/213
f 286/26/214 282/27/214 284/19/214 288/28/214
f 282/27/215 281/15/215 283/18/215 284/19/215
f 286/25/216 285/24/216 281/15/216 282/27/216
f 289/15/217 293/16/217 295/17/217 291/18/217
f 292/19/218 291/18/218 295/20/218 296/21/218
f 296/22/219 295/23/219 293/24/219 294/25/219
f 294/26/220 290/27/220 292/19/220 296/28/220
f 290/27/221 289/15/221 291/18/221 292/19/221
f 294/25/222 293/24/222 289/15/222 290/27/222
f 297/15/223 301/16/223 303/17/223 299/18/223
f 300/19/224 299/18/224 303/20/224 304/21/224
f 304/22/225 303/23/225 301/24/225 302/25/225
f 302/26/226 298/27/226 300/19/226 304/28/226
f 298/27/227 297/15/227 299/18/227 300/19/227
f 302/25/228 301/24/228 297/15/228 298/27/228
f 305/15/229 309/16/229 311/17/229 307/18/229
f 308/19/230 307/18/230 311/20/230 312/21/230
f 312/22/231 311/23/231 309/24/231 310/25/231
f 310/26/232 306/27/232 308/19/232 312/28/232
f 306/27/233 305/15/233 307/18/233 308/19/233
f 310/25/234 309/24/234 305/15/234 306/27/234
f 313/15/235 317/16/235 319/17/235 315/18/235
f 316/19/236 315/18/236 319/20/236 320/21/236
f 320/22/237 319/23/237 317/24/237 318/25/237
f 318/26/238 314/27/238 316/19/238 320/28/238
f 314/27/239 313/15/239 315/18/239 316/19/239
f 318/25/240 317/24/240 313/15/240 314/27/240
f 321/15/241 325/16/241 327/17/241 323/18/241
f 324/19/242 323/18/242 327/20/242 328/21/242
f 328/22/243 327/23/243 325/24/243 326/25/243
f 326/26/244 322/27/244 324/19/244 328/28/244
f 322/27/245 321/15/245 323/18/245 324/19/245
f 326/25/246 325/24/246 321/15/246 322/27/246
f 329/15/247 333/16/247 335/17/247 331/18/247
f 332/19/248 331/18/248 335/20/248 336/21/248
f 336/22/249 335/23/249 333/24/249 334/25/249
f 334/26/250 330/27/250 332/19/250 336/28/250
f 330/27/251 329/15/251 331/18/251 332/19/251
f 334/25/252 333/24/252 329/15/252 330/27/252
